417
354
341
332
327
313
313
310
304
298
295
286
285
283
282
280
279
273
263
252
247
240
240
226
225
220
219
219
216
215
213
212
208
204
200
198
197
196
194
193
192
191
190
188
186
186
181
180
175
175
175
173
171
169
168
166
165
164
164
163
163
163
163
162
161
160
158
156
153
153
148
145
145
143
142
141
138
137
137
137
136
136
133
132
130
130
127
126
126
123
122
120
120
119
118
117
117
116
114
113
113
112
110
110
109
109
107
106
103
103
102
102
102
102
101
98
98
98
98
98
98
97
97
95
94
94
94
93
93
92
92
91
89
89
89
88
88
88
87
87
87
87
87
85
85
85
85
84
83
83
81
81
81
79
79
79
77
77
77
76
76
76
75
75
75
75
75
74
74
73
73
73
73
72
72
71
71
71
71
68
68
67
66
65
65
65
64
64
64
64
64
63
62
62
62
61
61
60
59
59
59
59
57
56
55
54
54
54
53
53
53
52
51
51
51
51
51
50
50
50
50
49
49
49
48
48
48
48
47
47
46
46
46
46
46
46
45
45
45
45
44
44
44
43
43
42
42
42
41
41
40
40
40
39
39
39
38
37
37
37
37
36
36
36
36
35
35
35
35
35
34
34
33
33
33
33
33
33
33
32
32
32
32
31
31
31
31
31
31
31
31
30
30
30
30
29
29
29
29
29
28
28
28
28
28
27
27
27
27
27
27
27
26
26
26
26
25
25
25
25
25
25
24
24
24
23
23
23
22
22
21
21
21
21
21
21
21
21
20
20
20
18
18
18
18
17
17
17
17
17
16
16
16
16
16
16
16
15
15
15
15
15
15
15
15
15
15
14
14
14
14
14
14
14
14
14
13
13
13
13
13
13
13
12
12
12
11
11
11
11
11
11
10
10
10
10
10
10
10
10
10
9
9
9
9
9
9
9
8
8
8
8
8
8
8
7
7
7
7
7
7
7
7
7
7
6
6
6
6
6
6
5
5
5
5
5
5
5
5
5
5
5
5
5
5
5
4
4
4
4
4
4
4
4
4
4
4
4
4
4
4
4
4
4
4
3
3
3
3
3
3
3
3
3
2
2
2
2
2
2
2
2
2
2
2
2
2
2
2
2
2
2
2
2
2
2
2
2
2
2
2
1
1
1
1
1
1
1
1
1
1
1
1
1
1
1
1
1
1
1
1
1
1
1
1
1
1
1
1
1
1
1
1
1
1
1
-1
-1
-1
-1
-1
-1
-2
-2
-2
-2
-2